68 0 17
68 17 18
68 18 74
74 18 19
74 19 20
74 20 23
74 23 24
74 24 25
74 25 71
71 25 26
71 26 16
71 16 72
72 16 15
72 15 14
72 14 13
72 13 12
72 12 73
73 12 11
73 11 10
73 10 75
75 10 9
75 9 8
75 8 7 
75 7 6
75 6 70
70 6 5
70 5 4
70 4 69
69 4 3
69 3 2
69 2 1
69 1 0
69 0 68
0 36 17
17 36 18
18 36 37
18 37 19
19 37 20
20 37 38
20 38 21
21 38 39
20 23 21
21 23 22
21 22 27
21 39 27
27 39 28
28 39 29
29 39 31
31 39 40
31 40 41
31 41 2
2 41 1
1 41 36
1 36 0
36 41 37
37 41 40
37 40 38
38 40 39
16 45 26
26 45 25
25 45 44
25 44 24
24 44 23
23 44 43
23 22 43
22 43 42
27 42 22
27 42 28
28 42 28
29 28 42
29 42 35
35 42 47
35 47 46
35 46 14
14 46 45
14 45 15
15 45 16
42 43 47
47 43 44
47 44 46
44 46 45
2 3 48
2 48 31
3 48 4
4 48 5
5 48 59
5 59 6
6 59 58
6 58 7
7 58 57
7 57 8
8 57 9
9 57 56
9 56 10
10 56 55
10 55 11
11 55 54
11 54 12
12 54 13
13 54 14
14 54 35
30 29 35
30 29 31
30 31 32
30 32 33
30 33 34
30 34 35
31 48 49
31 49 50
31 50 32
32 50 33
33 50 51
33 51 52
33 52 34
34 52 35
35 52 53
35 53 54
54 53 64
54 64 55
55 53 64
55 53 63
55 63 65
55 65 56
56 65 66
56 66 57
57 66 58
58 66 67
58 67 59
59 61 67
59 61 49
59 49 60
59 60 48
48 60 49
49 61 50
50 61 51
51 61 62
51 62 63
51 63 52
52 63 53
67 61 62
67 62 66
66 62 65
65 62 63